0
0
0
0.3809
0
0
0
0.3072
0
0.7259
0
0.2059
0
0.1734
0
0
0
0.3631
0
0.1235
0
0.9536
0
0
0
0.0732
0
0
0
0
0.1786
0
0
0
0
1.0
0.1709
0.3920
0
0
0
0.4142
0
0.6873
0.7372
0
0
0
0.1378
0
0
0
0.1731
0
0.3244
0.0947
0
0.3808
0
0
0.5544
0
0
0
0.4221
0
0.1883
0
0
0
0.3644
0
0
0
0
0.3812
0
1.0
0
0
0
0
0.5479
0
0.2515
0.1493
0.2004
0
0.0324
0
0.5964
0
0.0644
0.5932
0
0
0.1680
0
0.0959
0
0.8317
0
0
0.0496
0
1.0
1.0
0.3623
0
0.1949
0
0
0
0
0
0
0.0615
0
0
0
0
0
0
0
0
0
0
0
0.0963
0
0.2222
0
0
0
0
0
0.3114
0
1.0
0.2329
0
0
0
0.5548
0.8079
0
0
0.8582
0.6636
0
0
0
0
0
0.9581
0
0
0
0
0.6846
0
0
0
0
0.4105
0
0.7251
0
0.7707
0.9154
0.5980
0
0
0.1889
0
0.5220
0.3667
0
0
0.7026
0
0.8078
0
0
0
0
0
0
0.5565
0
0
0
0
0
0
0
0.9445
0
0
0.4751
0
0
0
0
0
0
0.9253
0
0
0
0
0
0
0
0.9944
0.9597
0
0
0
0.3905
0.2382
0
0.6821
0.1685
0
0.8281
0.1078
0.5325
0.3679
0.3481
0.2330
0.0249
0.6317
0.3151
0.2490
0.2962
0.5739
0.0653
0
0.2185
0.1945
0.5868
0.3862
0.2455
0.0077
0.6437
0.5055
0.3339
0.2357
0.2595
0.3735
0
0.4116
0.2498
0.7526
0
0.4785
0.1719
0.0997
0.1577
0.2908
0.1705
0
0.1744
0
0.3837
0.5785
0.2784
0
0.5204
0.4306
0.0837
0
0.3779
0.0846
0
0.2902
0.5284
0.3101
0.3916
0.1155
0.3809
0.5707
0
0.5124
0.9798
0.5932
0.2567
0
0.4015
0
0.1578
0.2651
0.2244
0
0.7952
0.1656
0.6318
0.2243
0.5959
0.5522
0
0.5349
0.2822
0.2070
0.4808
0.5494
0.6328
0
0.0754
0.3942
0.6770
0.4797
0
0.9106
0
0.6343
0.5299
0
0
0.2246
0.5037
0.6662
0.1896
0.7140
0
0.2142
0.4002
0.0425
0.8438
0.8134
0.3542
0
0.2132
0.1336
0
0.3867
0.1777
0.1475
0.3292
0.7303
0.0766
0
0.4282
0.1793
0
0.6895
0.5946
0
0.4026
0.4902
0
0.7230
0
0.3170
0.9607
0.6104
0
0
0.3031
0
0
0
0
0.1813
0
0.0844
0.1275
0.0862
0
0.0047
0
0.2582
0
0.0386
0.2707
0
0
0.0545
0
0.0412
0
0.5637
0
0
0.0134
0
1.0
1.0
0.3067
0
0.0577
0
0
0
0
0
0
0.0111
0
0
0
0
0
0
0
0
0
0
0
0.0704
0
0.0994
0
0
0
0
0
0.0804
0
1.0
0.0497
0
0
0
0.1769
0.5660
0
0
0
0
0
0.1814
0.7268
0.0845
0.2521
0.0862
0.7484
0
0
0
0
0.0386
0.2707
0
0
0
0.6774
0.0412
0
0
0.9954
0
0.0134
0.2230
0
0
0.1087
0
0.0577
0
0.0825
0
0
0
0
0.0111
0
0
0
0
0
0
0
0
0
0
0
0
0
0
0
0
0
0.2300
0
0
0
0
0.0498
0
0.2653
0.0034
0.1770
0
0
0
0
0
0.8382
0
0.5639
0
0.2390
0
0
0.6908
0.4375
0
0.1726
0.4381
0
0
0
0
0.2155
0.2829
0
0
0.7518
0.2396
0
0
0
0
0
0.2396
0.4356
0.7166
0
0.8676
0.5285
0.0844
0.1006
0.3943
0.4224
0
0.5
0
0.5780
0.5
0
0
0.3820
0.3618
0
0
0
0.4034
0
0.3203
0
0
0.3209
0.4549
0
0.5433
0
0.3633
0
0.4205
0
0
0.6677
0
0.2971
0
0.6266
0
0.4133
0
0
0
0.2037
0.1127
0.2190
0.1107
0.6026
0
0
0
0.1748
0.1662
0
0
0
0.2658
0.1101
0
0
0
0.1249
0.4488
0
0.0800
0
0
0
0.0284
0.6338
0.1397
0
0
0
0.8316
0
0.2165
0.5406
0
0.1680
0.1556
0.0901
0
0.5909
0
0
0.0555
0
0
0.0744
0
0
0.4955
0
0.1715
0
0.2949
0
0
0
0
0
0.3992
0.3184
0.3629
0
0
0.2422
0
0
0.3390
0
0
0
0
0
0.4989
0
0
0
0
0.3706
0
0
0
0
0
0
0.4771
0
0
0
0
0
0.4476
0
0.4679
0.8812
0.5
0
0
0
0
0
0
0
0
0.8156
0
0
0.9415
0.6736
0
0
0
0
0
0
0
0
0
0
0
0
0
0.2484
0.4834
0.3700
0.5140
0.8197
0.0046
0.6978
0.5160
0.1536
0.3764
0.6024
0.9258
0
0.8020
0.7990
0.6070
0.3823
0.2164
0.9912
0.8201
0.4850
0.7736
0.1718
0.2563
0.9460
0.8748
0.4178
0.4556
0.8869
0
0.5369
0.4480
0.0394
0.8616
0.8076
0.2428
0
0.3038
0.0400
0.4796
0.7377
0.4231
0.0563
0.6329
0.7087
0.9781
0
0.3435
0.0917
0
0.7680
0.9031
0
0.1808
0.3393
0.5474
0.4713
0
0.6718
0.9970
0.6689
0.5026
0
0.6991
0.1120
0.5052
0.1042
0.8770
0
0
0
0
0.0818
0.3193
0
0
0.0565
0.6651
0.1938
0
0
0.9940
0
0.1248
0.2239
0
0
0.1193
0
0.0804
0
0.0896
0
0
0
0
0.0319
0
0
0
0
0
0
0
0
0
0.1394
0
0
0
0.0997
0
0
0
0.2393
0.8499
0
0
0
0.1349
0
0.2788
0.0040
0.2473
0
0
0
0.6989
0.7179
0.5740
0.8882
0.7967
0.4562
0.2787
0.6494
0.4502
0.5723
0
0.5694
0.3237
0.6603
0.8096
0.2150
0.9568
0.5371
0.6746
0.5401
0.0815
0.1091
0.7009
0.0471
0.7073
0.1824
0.7800
0
0.5101
0.2212
0.8722
0.7397
0.3498
0.5024
0.2763
0.3071
0.6515
0.2092
0.4249
0.2320
0.5619
0.4282
0.5470
0.1355
0.5609
0.6514
0.0667
0.2384
0.3308
0.2382
0
0.3723
0.1910
0.2512
0.7873
0
0.6599
0.0079
0.5356
0.1197
0.5974
0.3788
0.6800
0.5936
0.5895
0.1876
0.2506
0.1274
0.6038
0.3757
0
0
0.3287
0.2830
0.6871
0
0.1295
0.7887
0
0.7278
0.2299
0.1271
0.1302
0.3806
0
0.3367
0
0.1947
0
0
0.1253
0
0.6856
0
0.2533
0.1804
0.2572
0
0
0
0
0
0.2390
0
0.0978
0.2765
0.4654
0
0.3809
0.2151
0.2444
0.2757
0.1194
0
0.1492
0.6878
0
0.3900
0.0342
0.4939
0.1313
0
0
0.5126
0.8818
0.7587
0.3209
0.3671
0.5499
0.4490
0.1081
0
0.5898
0.2659
0.7899
0.4560
0.2026
0.9365
0
0.7434
0.7508
0.0843
0.1021
0.6680
0.4881
0.8652
0.0906
0.7286
0.0841
0.1492
0.2848
0.0486
0.4458
0.6183
0.2749
0.1366
0.2668
0.5673
0
0.3573
0.1454
0.0607
0.4367
0.3909
0.0681
0.2611
0.5395
0.2826
0.3320
0.6814
0.2303
0
0.5461
0.3741
0.2001
0.7957
0.3047
0.4481
0.0112
0.5801
0.1096
0
0.2987
0
0
0
0
0.3432
0.7019
0.0973
0
0.1917
0.8990
0.5582
0
0
0.9855
0
0.4742
0.4934
0
0
0.5594
0
0.6295
0
0.3557
0
0
0
0
0.4219
0
0
0
0
0
0
0
0.2069
0
0.1242
0.1406
0
0
0.1127
0
0
0
0.9070
0.2105
0
0
0
0.6761
0
0.6019
0.9912
0.8207
0
0
0
0.0531
0.9582
0.9694
0.5627
0.0079
0
0
0.0081
0
0.0391
0
0.0237
0
0
0.7056
0.1712
0.0043
0.0082
0.0750
0
0.1128
0
0
0
0
0.9516
0
0.6597
0
0
0
0
0
0
0
0
0
0
0
0.0345
0
0.8664
0.0563
0.9647
0
0
0
0.0593
0.0293
0.0324
0.9050
0
0.8719
0
0.9456
0.0110
0
0
0.7021
0.1003
0.4912
0.7016
0
0
0
0
0.6303
0.6828
0
0
0
0.5529
0.1971
0
0
0
0
0.6804
0
0.7436
0
0.6837
0.7246
0
0.5813
0.5195
0.7930
0.2586
0.8231
0
0
0.7057
0
0
0.6650
0.3792
0
0.3854
0
0.8293
0.2080
0.6788
0
0
0.7845
0.8079
0
0.7915
0
0
0
0.7887
0
0
0.7476
0.1503
0.2717
0.3823
0.7347
0
0.0584
0
0.1853
0.1984
0.5076
0
0
0.4575
0
0.2493
0.3282
0.2896
0.0452
0.5750
0.3828
0.7363
0
0.2923
0.4982
0
0.6949
0.0710
0.2670
0
0.3468
0.0503
0
0.3982
0
0.8276
0.2172
0.2905
0.9835
0
0.4491
0.1281
0.1930
0.2221
0
0
0.1645
0.2141
0.5959
0.3035
0
0.2231
0
0.4551
0.6098
0
0.7330
0.2069
0.3999
0
0
0.0643
0
0.4221
0.4
0
0
0
0.3559
0.3341
0
0
0
0
0.2706
0
0.1701
0
0
0.1803
0.0248
0.0897
0.1858
0
0
0
0
0
0.3918
0
0
0.4206
0.1413
0
0
0.3103
0.5637
0.4599
0.1316
0
0
0.8138
0.4428
0
0.5483
0
0.4804
0
0.3015
0
0
0
0.2038
0.2922
0.0634
0.3449
0.1499
0.6560
0.3775
0.0844
0.7554
0.1422
1.0
0.7831
0.0383
0.0419
0.3475
0.2043
0.4761
0.2051
0.4299
0.0382
0.1736
0.1236
0.5296
0.9763
0.4160
0.1712
0.7013
0.1004
0.2566
0.0570
0.1269
0.2113
0.1959
0.2491
0.6451
0.5453
0.4050
0.5124
0.1046
0.1864
0.3642
0.3142
0.0711
0.2389
0.1653
0.0643
0.8074
0.0936
0.2530
0.8939
0.4102
0.0886
0.1693
0.0917
0
0
0.0619
0.5472
0.5781
0.6
0.2835
0.9865
0
0.2638
0.3340
0.2624
0.3361
0.3999
0
0.3960
0
0.9039
0
0.2956
0.3911
0.0238
0.0830
0.2256
0.2708
0
0.3510
0
0
0.7999
0
0
0.4854
0.2883
0.0717
0
0.3045
0.1380
0
0.3516
0.2182
0
0.6337
0.4458
0.5927
0.4614
0
0.4822
0.0038
0.5900
0.3099
0
0.7281
0
0.0495
0.1290
0.1031
0
0
0.0090
0
0.4219
0.2080
0
0
0.0803
0.9653
0.1522
0.1422
0
0
0
0.1353
0
0.7725
0.8072
0
0
0
0.0896
0
0
0.1769
0.1024
0
0.5472
0.2274
0
0.6351
0
0
0.3403
0.3884
0
0
0.1455
0
0.1014
0
0
0.9620
0.7959
0
0
0
0
0
0
0
0
0
0
0.0482
0
0
0
0
0
0
0
0
0
0
0
0.0460
0.0596
0
0
0
0
0
0
0
0.3116
0
0
0.1637
0
0
0
0
0
0
0
0
0
0
0
0.2270
0
0
0
0.5466
0
0
0
0.1328
0.5706
0
0.0686
0.0069
0
0.4048
0.4708
0.0527
0.0703
0.8922
0
0.5422
0
0.0664
0.0525
0
0
0.0149
0.3368
0
0
0
0
0
0
0
0.1911
0
0.7537
0.1281
0.0627
0
0.1201
0
0
0
0.7940
0.1939
0.0413
0
0.1677
0.7252
0.2728
0
0.9928
0.8484
0.0793
0
0
0.2268
0
0
1.0
0
0.2118
0.4622
0
0
0.3820
0
0.4174
0
0.1683
0
0
0
0
0.1618
0
0
0
0
0
0
0
0.4327
0
0
0.1612
0
0
0
0
0
0
0.9677
0
0
0
0
0.3135
0
0.4105
0.9970
0.8021
0
0
0
0.5290
0.0479
0.8701
0
0.7496
0.9221
0.0404
0.0483
0.5524
0.2718
0.6880
0.0597
0.7119
0.0230
0.1681
0.1841
0.0980
0.5998
0.6292
0.2357
0.7076
0.2283
0.0214
0
0.4212
0.1156
0.0250
0.6979
0.4954
0.0570
0.3744
0.4997
0.2360
0.1568
0.7029
0.4816
0.2055
0.6157
0.3673
0.0957
0.8594
0.1386
0.3008
0.9543
0.6028
0.0530
0
0.2419
0
0
0
0.4670
0.1202
0
0
0
0
0.4659
0
0.6729
0
0.4536
0.2285
0.7971
0.4006
0.4040
0.2194
0.1507
0.2274
0
0
0.4994
0.1737
0
0.4259
0.3124
0
0.2813
0.3183
0.1880
0
0.4803
0
0
0.5845
0.4077
0
0.8200
0
0.2157
0
0.5723
0
0.4677
0.3294
0
0
0.1283
0
0.5536
0.6358
0.3073
0
0.5946
0
0
0
0
0
0
0.0372
0
0
0
0
0
0
0
0
0
0
0
0.0733
0
0.2305
0
0
0
0
0
0.1095
0
0.8314
0.1546
0
0
0
0.2143
0.4841
0
0
0
0.8173
0.7227
0
0
0.9193
0
0.9504
0
0.8553
0
0
0
0
0.8470
0
0
0
0
0
0
0
0.0206
0
0
0.0420
0
0
0
0
0
0
0.9963
0
0
0
0
0.9578
0
0.9581
0.9978
0.9914
0
0
0
0.1543
0
0
0
0
0
0
0.8303
0
0
0.7377
0
0.1566
0
0.3797
0
0
0
0
1.0
0
0
0
0
0.2333
0
0
0
0
0
0
0
0
0
0
0
0.5355
0
0.5928
0
0
0
0
0
0.8416
0.0129
0.0181
0.3929
0.2779
0.6432
0.1769
0.5414
0.0128
0.2084
0.4133
0.5761
0.9945
0.5280
0.2053
0.7407
0.1490
0.3117
0.0392
0.2680
0.2229
0.2678
0.4017
0.7299
0.5831
0.4254
0.7306
0.1544
0.2758
0.4972
0.3531
0.1468
0.3074
0.2501
0.0495
0.8718
0.0896
0.4308
0.9218
0.5818
0.0434
0.1894
0.1724
0
0
0.6700
0
0.9608
0
0.3058
0
0
0
0.0911
0.8562
0.1031
0
0
0
0
0
0.1197
0.2317
0
0.3392
0.2017
0
0
0.1094
0.2313
0.2227
0.1050
0.6922
0
0.3373
0.2224
0
0.7586
0
0.3417
0.9089
0.7734
0
0
0
1.0
0.3058
0
0.0554
0
0
0
0
0
0
0.0104
0
0
0
0
0
0
0
0
0
0
0
0.0701
0
0.0974
0
0
0
0
0
0.0760
0
1.0
0.0465
0
0
0
0.1669
0.5581
0
0
0.3141
0
0.0772
0
0
0
0
0
0
0.0177
0
0
0
0
0
0
0
0
0
0
0
0.0737
0
0.1167
0
0
0
0
0
0.1172
0
1.0
0.0771
0
0
0
0.2554
0.6247
0
0
0
0.7167
0
0.0857
0
0
0
0
0.4221
0
0
0
0
0
0
0
0.1950
0
0.4375
0.1347
0.1245
0
0.2232
0
0
0
0.8232
0
0.2484
0
0.3622
0.7062
0
0.1479
0.9878
0.9453
0.3110
0
0
0.5167
0.8357
0
0
0
0.8800
0
0.7369
0.7998
0
0
0
0.4537
0
0
0
0.5227
0
0.3861
0.0649
0
0.5773
0
0
0.7318
0
0
0
0.8640
0
0.5847
0
0
0
0.0451
0
0
0
0.0743
0.7487
0
0.1382
0.1687
0.0341
0.4119
0.6270
0.1247
0
0.1170
0.5798
0
0.3976
0.3499
0.0477
0.3993
0.5149
0.0635
0
0.6454
0.2531
0.0925
0.6278
0.6437
0
0.5165
0.2869
0.1946
0.7794
0
0.3220
0.9814
0.3509
0.0877
0
0.3080
0
0
0.2942
0.1794
0.0242
0.3032
0.7278
0
0.7057
0
0.1097
0.5228
0
0
0.8934
0
0.2825
0.8405
0.3249
0.2046
0
0.2308
0.5970
0
0
0
0.2222
0
0.2564
0
0.2407
0
0
0.3099
0
0
0
0.7091
0.7672
0.0407
0.5066
0.5588
0.7067
0
0.7530
0
0
0.8633
0
0
0.8812
0.3526
0
0
0.0785
0.7222
0
0.6596
0.1245
0
0.7432
0.7429
0
0.8694
0
0.2322
0.0077
0.8871
0
0
0.7944
0
0
0.0117
0.0103
0
0
0
0
0
0
0
0
0
0
0
0
0
0
0
0
0
0
0
0
0
0
0.0462
1.0
0
0
0.1659
0
0
0
0.4054
0.9379
0.0996
0.2514
0.3169
0
0.3809
0
0.4795
0.4068
0.2002
0
0.2769
0.3129
0
0
0
0.2549
0
0.2542
0
0
0.1901
0.3124
0
0.4584
0
0.2794
0
0.2683
0
0.7776
0.6226
0
0.1710
0.6931
0.3809
0
0.5789
0.0403
0
0.5488
0
0.0579
0.3095
0.2952
0
0
0.1783
0.2965
0.2221
0.8000
0
0
0.1729
0.6468
0
0.2041
0
0.2378
0
0.4447
0
0
0.9333
0.5921
0.0607
0
0
0
0
0.0453
0.0543
0.8750
0
0.0465
0.1708
0
0
0.0289
0
0
0.0206
0
0
0.0191
0
0
0.8969
0.0864
0.1098
0
0.0419
0
0.9595
0
0.7802
0.1857
0.7987
0.0690
0.3831
0
0.1197
0.1630
0.3363
0.2167
0.8148
0.8808
0.5025
0.7778
0.0773
0.1137
0.4226
0.4052
0.0741
0.1567
0.1885
0.0614
0.5475
0.1156
0.1799
0.9395
0.6405
0.1661
0.2431
0.1123
0.1889
0
0.0732
0.3977
0.1746
0.2234
0
0.4423
0.1652
0.7721
0.0595
0
0.6497
0.0318
0
0.8616
0.0235
0
0.2576
0.8104
0
0.8199
0
0.2589
0
0.0933
0
0
0.1988
0.1487
0.7175
0
0
0.3901
0
0
0.2608
0.1906
0
0.3288
0
0.2303
0.2795
0.3621
0.1113
0
0.1708
0.2871
0
0.3697
0
0
0
0.2423
0
0
0.6105
0.1485
0
0
0
0
0
0
0
0
1.0
0
0
0.8477
0.7783
0
0
0
0
0
0.1364
0
0
0
0.1420
0
0
0
0
0
0.5
0
0
0.2978
0.1564
0
0.3434
0
0.2778
0.3438
0.3700
0
0
0.1762
0.3862
0
0.1296
0
0
0
0.3045
0
0
0.8285
0
0
0.7481
0.4697
0
0.1213
0
0
0.6543
0
0
0.3208
0
0
0
0.0566
0
0.6666
0
0
0
0
0
0
0
0
0
0
0
0.1581
0
0
0
0
0
0
0
0
0
0
0
0.1869
0
0.3497
0
0
0
0
0
0
0
0.7102
0.1664
0
0
0.1957
0.3470
0
0.4180
0
0
0.4945
0.4256
0
0.4519
0
0.3252
0
0.7407
0
0
0.7463
0
0
0.3109
0
0
0.1586
0
0
0
0.6845
0
0
0
0
0.2412
0
0
0.9886
0.5055
0
0.6762
0
0
0.1271
0
0
0.5614
0
0
0.3619
0
0
0
0.0775
0
0.5988
0
0
0
0
0
0
0
0.1525
0
0
0.2491
0.1879
0
0.3333
0.0784
0.3699
0.3198
0.2333
0
0.6754
0
0.2638
0.0058
0.6305
0
0
0.5344
0.1085
0
0.3988
0.1433
0
0.5050
0.2716
0
0.2988
0.4325
0
0.6713
0
0.1533
0.8920
0.5698
0
0
0.1946
0
0.1417
0
0
0
0
0
0.0657
0
0.0962
0.8378
0
0
0
0.1385
0.9315
0
0
0
0
0.6505
0.4895
0
0
0
0
0
0.2764
0
0
0
0.3198
0
0
0
0
0.1229
0.4866
0
0.2496
0.3359
0.2117
0.2219
0.6731
0
0.3205
0
0.3377
0.1240
0
0
0.5219
0.2079
0
0
0.6440
0.7898
0
0.2834
0
0
0
0.0875
0
0
0.6565
0.1851
0
0
0.3591
0.25
0
0.1934
0
0.25
0
0.1935
0
0
0
0
0
0.3695
0.8418
0
0.6922
0
0.1171
0
0.2525
0
0
0.3875
0
0
0
0
0.2638
0
0.2314
0.9992
0.9035
0
0
0
0
0
0
0.2705
0
0
0
0
0
0
0
0.8698
0.3109
0.5947
0
0.1782
0
0.1717
0.1312
0
0.4628
0
0.3464
0
0
0
0.1668
0
0
0.7723
0.2325
0
0
0
0.5542
0.8076
0
0
0.3770
0.6493
0.0081
0.4904
0.1841
0.5978
0.3693
0
0
0.7130
0
0
0
0.0078
0.6705
0
0
0
0.9971
0
0
0
0.2486
0
0.7062
0
0
0